22
0 818427 186018 604706 688595 293147 249380 358071 804734 810781 423889 410327 848831 652504 560598 170508 692837 626590 24839 437176 563076 0
20
0 237363 982307 885708 738053 756994 584269 296666 677738 690939 267110 202667 296711 443618 577670 499909 842953 616375 685532 0
6
0 916395 982317 217701 886235 0
16
0 965715 493323 257976 396898 314537 178042 39703 230895 507677 107476 987568 437928 701753 735248 0
14
0 495206 925645 482341 40579 26677 61420 731921 245788 570678 721641 960982 916847 0
3
0 774189 0
25
0 854337 108941 315973 936979 115951 427413 898681 996443 524275 645120 213758 575907 120443 745965 381697 43628 41300 781476 605673 953566 6517 847912 147821 0
8
0 538088 409539 490328 870481 66956 216341 0
6
0 609162 994251 537787 739099 0
16
0 690836 718720 200619 292933 414941 975248 495962 895311 928085 344992 438041 596372 233926 535023 0
26
0 316000 861440 624539 844602 476006 119881 438411 312678 798963 291574 963165 738718 126656 309116 264574 997548 550834 621607 103877 823430 619498 231928 281191 877264 0
28
0 249076 131709 941714 42369 605370 226685 978132 981918 217189 203906 879511 262260 696163 754632 736576 297104 633392 566181 399050 52851 64907 926436 72358 650994 472840 970830 0
29
0 751593 450707 586757 22498 809471 913399 73079 400030 304737 632662 373517 211808 801250 479742 370947 951518 616527 446087 280877 710958 236532 525882 482771 854359 480272 57159 239120 0
23
0 698229 187873 621095 33291 644670 237234 157109 257001 232115 999652 855095 386347 874724 261722 108660 21611 41946 653021 381762 655050 870952 0
8
0 447425 900127 615068 278090 943069 636803 0
14
0 339430 3749 476413 253823 196750 396576 515678 491647 120703 273330 43741 244921 0
7
0 711056 248372 218085 442944 703932 0
6
0 947440 286861 25505 514088 0
18
0 933237 441252 516185 838398 986496 439749 161631 599791 849723 559184 720252 307273 120317 381079 220686 491391 0
14
0 948485 8612 94388 177117 394470 214861 591106 148137 997434 534490 265002 887378 0
10
0 351634 546140 163937 569490 373324 14782 323898 212170 0
16
0 147063 799668 938201 870865 859703 494726 314676 7100 872326 827526 220899 498618 281573 352436 0
18
0 768624 732414 840646 371575 914393 562160 776486 490923 476219 511791 408297 544920 567327 654384 462070 523510 0
21
0 33869 659553 25387 894248 786454 407777 350782 34851 263435 146114 288423 641365 478560 343015 727731 993330 316607 422456 732151 0
17
0 555142 210063 282527 116923 501204 856824 265107 864483 6510 625693 336144 742052 712793 911049 692339 0
15
0 843167 846928 740740 640180 328628 411763 95100 296207 87289 953754 634474 42399 356402 0
22
0 81658 435563 609630 979403 826636 819703 743246 252125 210879 904965 205933 116604 113099 824698 834678 654632 516187 173885 282493 408683 0
32
0 678807 951134 780491 797782 996969 593603 232742 265711 796468 429758 567665 338200 633929 379296 403259 201824 542542 89957 223537 934840 904859 288135 743072 624336 774049 662645 140305 95094 869329 302037 0
8
0 946501 259415 985230 542520 464497 860148 0
23
0 645853 914099 175043 280526 707532 58257 28394 672346 787290 832733 585190 150420 774773 201665 785146 124849 443803 535602 251274 106333 1203 0
28
0 674158 811345 358256 953882 534594 686351 964382 77776 352430 711713 710421 192147 741617 843952 355041 464034 345140 237297 952556 670666 458645 527507 295441 260668 637359 486825 0
7
0 941048 571519 582351 564749 992473 0
3
0 203032 0
26
0 577389 358439 588973 228617 544247 803045 716762 197550 715305 867832 332667 831530 400198 39569 993716 855403 80746 498706 792939 891985 737106 456687 315515 67516 0
24
0 578573 530768 128718 38742 812339 839317 600039 760077 150156 422320 223440 277659 122740 122834 264011 918008 41315 435178 58628 147876 812779 569165 0
26
0 129348 674666 940163 732893 843068 895319 562970 594699 142178 138753 677434 715606 72994 574493 645674 639490 85044 10289 479292 403674 942767 367596 41434 55029 0
31
0 80935 791379 295887 673184 692592 266879 898224 444329 182374 844369 833056 946714 966276 473891 638784 320650 365136 653533 553952 243710 50500 238351 227867 142617 786467 536245 785783 239175 761499 0
31
0 353977 84235 641945 112232 318169 501937 806144 556818 701106 141951 256873 273705 977934 619106 933344 332275 688661 840931 892916 644222 367355 629057 578330 724799 988858 354552 977516 230227 862167 0
26
0 134649 171540 374997 747701 307461 673959 543 935850 303646 949462 292984 326599 793426 66701 873310 338273 714012 826152 816099 989283 129489 303659 805715 148048 0
24
0 533119 101955 472563 918248 194732 641874 775189 754050 935744 335979 128261 753105 386757 681238 175385 341993 114867 246944 741228 619497 310204 665782 0
7
0 83313 539522 512841 131849 787368 0
19
0 418786 179324 11245 448356 607188 111083 97238 963544 540054 154398 862904 698796 255690 244570 75824 249786 187307 0
8
0 235838 629033 293399 605415 863809 353215 0
20
0 973459 75073 195337 766245 227408 78722 618945 164570 455569 85076 316985 439100 633592 836483 44571 688912 747826 854338 0
26
0 337974 924925 138239 601312 348589 526093 645014 775827 996983 381211 393255 231505 20447 953678 828791 735327 646909 313209 510969 157671 695332 732241 733371 429650 0
24
0 182205 383074 568583 316321 795735 588299 187491 896942 241213 378759 753782 217217 368886 478357 89685 141410 162952 206514 247035 539979 936651 393890 0
29
0 785063 432120 698891 151201 250630 102612 946741 75209 257752 438694 502920 513614 799318 640676 428111 26584 183466 165960 542855 329520 382718 162136 134765 368478 56813 128588 842587 0
32
0 479277 512601 829420 765619 987367 870354 525408 720996 177978 873126 311122 744182 898695 531275 859757 167846 842810 872129 540464 599832 956927 897816 664175 952505 461024 423349 871471 694760 301773 727725 0
7
0 590133 346663 912435 109591 939409 0
24
0 968978 520190 63147 338113 78672 994723 14577 325530 724946 798722 283909 638408 113312 311828 373669 30475 905540 950730 733235 544467 187344 131903 0
25
0 882152 897542 751044 691593 278832 267735 152669 17534 96079 411797 471735 1813 492465 782553 380191 259733 403681 817816 397540 60668 922549 289719 185294 0
14
0 251292 550191 534206 621186 287979 670800 915012 970185 682820 260442 245414 775801 0
5
0 66124 169688 863359 0
28
0 300709 388884 252574 245365 216850 241553 634847 38580 287642 547693 745746 697643 579778 562215 274620 560346 316583 530912 45445 437820 788054 888299 99169 758333 725917 897779 0
23
0 274828 485416 539670 172296 540566 947056 704080 682233 422348 640119 452868 895599 439775 828144 530516 778011 331453 343841 85758 803213 670750 0
10
0 805469 800796 629582 911174 575267 947402 85082 535935 0
15
0 515595 536639 333445 505941 84222 214756 934989 207614 540130 432210 620762 182040 807105 0
18
0 961841 287532 749880 334427 666405 964633 793707 658435 840978 48108 596492 733274 319213 775586 215916 935118 0
22
0 244618 900252 919912 906208 986610 959307 93268 410401 918210 625366 502383 987558 558293 778521 482172 788582 539430 465868 298488 553685 0
31
0 856019 140116 133692 608434 997106 83235 97608 991061 186494 651040 702843 373839 203069 760551 517935 221781 368347 874719 512650 806047 264935 378463 386020 595296 92460 132148 156498 105451 654844 0
29
0 419626 196297 932198 166710 355891 281796 934011 906986 609594 891007 121747 393739 708043 267600 81100 709285 69949 543427 896197 128167 391726 456701 300613 317201 718213 506535 870271 0
13
0 538449 137746 804550 554850 4133 978827 849574 890629 19420 33132 29917 0
19
0 733250 27997 583453 244356 258632 470496 742871 31506 932846 464848 241539 197200 217639 300947 787146 692027 661313 0
19
0 214981 343584 829403 300403 646802 717678 67284 805272 78572 45422 363369 227665 570162 150147 217646 933896 523163 0
10
0 950757 577578 609184 892584 738803 232626 367845 857299 0
5
0 317725 656848 192845 0
5
0 853576 66506 6503 0
9
0 609462 770746 153604 850770 381459 508348 398308 0
7
0 56769 519994 19917 668489 2447 0
25
0 515534 39477 798610 536442 495019 378663 457968 103117 242963 119808 367733 899412 903120 210157 585538 132489 226641 842192 771340 919378 240986 323256 85194 0
26
0 980209 336302 222813 625365 392664 468657 391506 794497 673176 770127 400708 581994 456528 664754 632681 450872 412088 779768 594444 991407 81538 19926 895521 434296 0
9
0 754817 909784 386962 587517 881015 73179 625666 0
20
0 78232 288473 825684 450888 791514 156942 168312 454393 804792 519391 51919 552886 322599 347654 695516 294052 555305 759213 0
24
0 594753 764765 904005 92899 418973 812262 345178 537225 251529 895736 651202 968234 661701 255560 126408 425800 776002 470843 477953 306225 78585 792643 0
4
0 353054 7594 0
28
0 212695 41253 418859 253717 490826 325704 956150 133644 772459 199750 487969 855665 329182 687643 474311 358910 187520 292623 766759 203835 639261 543665 167151 108471 24076 26 0
10
0 888059 626998 288955 431092 113633 695837 656315 568000 0
21
0 61751 554057 13371 230036 225135 492281 171999 923749 180202 109389 219685 157231 93612 435873 832997 162176 861755 169992 352458 0
16
0 997142 551674 291284 50413 874052 165555 15925 822721 377637 690372 6629 454053 123597 601049 0
24
0 70671 834349 993374 905671 674158 777847 967773 686517 86363 946676 905766 322259 105925 524730 330180 677562 675783 625811 765895 35254 447534 139661 0
25
0 667935 949778 675800 387898 675611 917931 812900 361747 742179 351598 204098 667192 64773 366577 364361 389221 676175 771235 809391 569219 919478 973353 456024 0
5
0 745190 43536 436881 0
23
0 178919 258411 679808 119361 495993 393419 485123 299386 776424 321304 437115 65957 80946 611939 289195 757146 437229 347723 604069 195207 679562 0
32
0 739843 864977 770497 507689 183036 244767 30872 857141 450486 28297 241140 136853 988286 139943 9827 799541 832613 580114 685417 496020 11406 617083 50282 504779 572854 208193 116638 769843 390157 349067 0
28
0 345388 7130 73264 723511 871849 975635 348442 38634 623357 144869 825924 94712 237389 982181 681442 879440 528330 377731 423055 584016 920383 7707 617522 319207 75692 858041 0
14
0 633532 562544 348268 416310 338544 274996 494213 506902 865879 273828 911462 917964 0
15
0 758522 544867 645582 231833 516133 182234 991267 565476 715097 549870 859472 29140 563547 0
9
0 197531 606059 388826 507771 309697 470071 608607 0
12
0 148380 372629 272636 451138 374578 201624 749026 908792 454738 955005 0
30
0 854550 161530 566393 189918 243294 486833 119032 700783 681260 17671 311256 169739 49836 613477 887452 293506 493806 94827 299583 826319 889125 825902 394586 239148 232836 894129 79146 345405 0
32
0 130146 210570 686541 979391 57785 164341 443847 811782 295224 489930 429870 880 269742 255611 39164 190545 458160 450065 802496 5788 623617 952015 528270 876419 926965 926155 762520 778285 233431 474537 0
14
0 142614 438729 612788 838767 445858 668264 936371 365738 270234 873661 211695 85992 0
19
0 294946 517262 380055 155476 334815 47555 512309 418121 635502 159005 267944 35111 741126 477296 209440 213875 452221 0
8
0 41158 632898 888893 323941 649169 282524 0
22
0 406813 872360 809697 470856 623921 968159 886557 347465 442119 875063 572551 22392 738903 611182 918855 23078 870300 73197 466196 829500 0
24
0 720787 196546 561486 289798 9092 940179 264858 90168 936163 104898 374839 782764 601279 85371 712844 69326 633092 274402 127182 775316 269352 491409 0
8
0 166171 104557 291749 678022 437758 805322 0
13
0 692404 213481 574034 492746 297395 567687 995962 82282 785460 277612 793894 0
9
0 349935 417523 384272 452614 745985 284644 31794 0
3
0 259081 0
10
0 929961 333205 92521 561502 370470 265818 797437 89870 0
18
0 346583 997650 777650 460928 813228 257338 486073 981219 394919 846988 96763 667184 862798 575267 822636 106778 0
12
0 638207 225147 574470 430372 653383 758252 794527 833716 395993 179389 0
27
0 563179 386724 824003 923583 701222 488298 626190 226801 126214 355595 473759 615973 477388 529421 412848 933026 608170 812494 517450 676844 285279 963112 223869 972258 145676 0
11
0 871812 508805 218863 460997 142835 370240 314309 647420 189051 0
5
0 808653 339328 32027 0
31
0 670895 792757 657464 36322 363732 136121 242763 713517 176198 198459 42892 68800 510810 43596 582149 882118 330408 443767 260564 666115 829281 784297 172994 150831 818905 754130 746 177292 620568 0
6
0 221067 524501 536871 866016 0
9
0 851247 38066 397325 786060 759271 256483 175477 0
28
0 186474 272707 840049 117415 656986 481386 415016 712684 148757 307407 219464 75813 381527 667267 647174 999056 465203 48654 157732 719675 579182 774598 530860 467534 634771 521074 0
13
0 199463 318566 211818 120151 387634 194993 905402 380601 180578 717376 449170 0
13
0 114385 552146 516851 530030 90428 190959 103262 605334 284509 18620 796053 0
7
0 360440 732473 259560 534763 677455 0
16
0 299022 93906 75543 938306 918870 529480 821797 77354 184938 511369 429460 923697 803607 940280 0
3
0 574056 0
9
0 739621 744667 286600 416410 428045 167103 906160 0
22
0 973320 848202 972528 651889 295969 524787 508643 581502 444692 242091 825396 972317 910406 279626 399994 728923 718199 934559 850181 879802 0
28
0 503053 333464 300178 737315 243212 689100 39832 523917 211460 46146 385199 162051 861397 901498 602681 96429 925550 587021 441284 408639 423652 468570 884059 416508 940975 629947 0
29
0 391214 52004 607868 275922 304608 411337 865717 756733 89731 741529 743431 354163 576009 42709 207026 510169 365422 932716 960495 620287 350527 755636 833656 542613 538282 467426 363594 0
31
0 159609 557359 466424 627098 85682 15549 555068 201807 853683 330726 819346 343325 408751 109981 712222 387313 54938 41175 575548 246625 892485 653141 722549 466886 938922 63406 299745 775576 486269 0
28
0 920976 323614 13647 515160 884819 40904 483181 602025 29520 788212 257403 192419 2119 197679 688946 864211 725402 575897 513194 347339 824723 176923 172110 212460 893278 876396 0
29
0 577851 980280 949972 841007 493000 141607 724974 787240 603999 675449 255752 995659 463471 267642 859100 164668 446877 709892 73196 772420 454629 23940 821641 97468 954819 188994 697643 0
11
0 36063 578145 383326 797815 870355 224023 320659 342864 57533 0
22
0 248693 794873 895083 783006 781570 677917 898835 165504 446887 361144 509041 146390 590296 686618 464198 199190 905139 105826 115360 47755 0
20
0 250196 306508 548837 747424 498575 339105 362076 365698 122724 36921 177723 27028 435528 944064 56620 323075 13205 520462 0
12
0 497868 517997 52643 497126 105379 419611 661344 314289 505009 761233 0
14
0 494387 904731 299153 544632 64545 244675 833004 34078 426682 840206 141662 818471 0
26
0 969814 485169 959267 563816 254657 485230 946851 290557 881732 690254 773997 486624 731088 369185 129123 637023 315220 228456 129214 984009 585086 361125 132845 561568 0
7
0 605441 966423 59257 128759 56188 0
8
0 585348 279872 565036 195301 701448 419444 0
28
0 197970 317470 181718 222995 580914 728865 349440 623794 184361 544331 548210 626057 689031 848961 149616 912015 303477 767650 837454 590875 774295 345025 139702 759115 117822 278393 0
30
0 232421 518996 703724 621856 678213 625438 275476 772302 474921 66076 682404 492399 250076 231652 439497 490748 188248 18670 352018 937464 257943 641887 416553 539453 662237 405819 134357 113285 0
24
0 229247 125904 818629 320273 350450 956219 106651 28288 752474 15173 35682 978732 382299 820590 134601 328626 459272 91191 94712 435861 444425 898564 0
15
0 995376 22824 634042 961749 376218 652754 366219 644566 198614 593985 412404 216412 810548 0
21
0 731732 556611 501592 87953 691795 60424 649849 64265 716020 632533 447290 930395 999425 38198 813320 76069 781005 78820 938694 0
19
0 109553 445364 379497 38961 114468 778462 938178 366031 23111 996679 461823 407154 939634 3553 39853 919570 788191 0
12
0 127125 125071 73555 385007 965208 934205 679378 529363 765289 67640 0
28
0 302369 298089 415197 360291 452945 60498 939737 859414 863868 729142 702852 244824 414650 361511 210539 63032 594885 186213 514433 101808 759719 84068 280414 269502 194300 914337 0
24
0 170659 303437 562211 801826 42593 679149 871327 139729 256954 411687 909064 952758 93590 273611 579007 278008 262287 47330 702950 352508 914650 947384 0
31
0 457651 884343 564984 990140 1048 889167 782389 769582 598926 330834 539546 209468 482926 407823 938488 589422 303819 181656 198271 49151 188247 827433 696213 749082 924343 847571 388143 354683 779802 0
9
0 259514 199154 568029 721606 718037 672454 560368 0
5
0 759669 711587 617733 0
22
0 334945 826030 661208 986760 999712 2020 676799 433651 909371 162687 745164 904502 124196 973814 351870 449635 66998 188953 54237 945862 0
13
0 479089 778565 608974 338460 339135 572303 397594 813768 396754 407851 818743 0
32
0 280080 637611 131101 361499 220039 850052 993147 210720 683434 351166 576261 563104 963286 441357 531179 776819 337553 962367 177632 609860 29129 766782 556314 158904 568303 688215 505949 102456 734915 695084 0
18
0 652753 968357 263371 381122 369223 949072 778876 730308 321627 171348 240260 320709 708886 188676 427425 643824 0
22
0 771787 768147 622931 578697 788644 136395 297396 640215 964242 740329 613343 420305 494577 566135 50743 957697 72228 498605 431123 762451 0
7
0 728581 526494 448133 394950 707075 0
19
0 637804 826508 675089 25824 30857 883017 339117 772314 263421 94900 744404 140746 432545 40591 648154 683966 621994 0
16
0 421145 320623 21701 972131 614929 355547 924938 781631 768733 704386 337126 118853 183662 764376 0
19
0 696835 262736 716232 917342 254310 642596 62389 755770 248690 809691 79594 823268 491894 65203 807432 32825 556040 0
24
0 798769 115058 372385 654245 885468 971901 780809 419369 9770 382832 375687 947664 162295 615962 209721 178946 851219 119639 790675 733478 663801 729087 0
7
0 301923 332229 370433 338867 993353 0
22
0 358955 460612 378635 814494 432218 930407 156215 903523 338232 895433 555989 50920 826303 72576 784383 853448 780397 736397 382012 713295 0
13
0 248089 645842 286774 757393 411872 35172 723747 320796 951405 489994 105394 0
8
0 724206 268763 301773 154702 304740 857871 0
4
0 447617 359922 0
30
0 85662 274866 553220 600566 284029 280484 831812 492179 916594 882664 796103 609201 290047 374312 164237 741865 238387 145905 470831 528662 773278 939401 75841 633071 929861 8667 609220 219351 0
21
0 59749 486960 457076 76936 708340 722084 681182 439277 407027 942642 337657 778157 636142 114895 447186 434174 460814 523794 75544 0
20
0 698150 375567 809184 882413 834214 386259 576384 426128 706754 65112 248091 733379 487957 212727 673999 901129 707385 250839 0
30
0 800226 895319 711632 121985 579595 535057 584179 980446 696241 261812 452122 200724 336652 207688 825736 320060 221374 236520 10135 52933 823745 243676 690141 191789 524651 524788 905197 595488 0
6
0 741544 373376 892963 122066 0
6
0 855043 883580 313095 606402 0
6
0 970281 636566 534509 476687 0
14
0 380573 36429 608115 325004 665447 587706 61551 68770 286682 728386 358173 839587 0
7
0 360393 123085 529938 839954 811618 0
6
0 633401 494609 799338 475773 0
6
0 823610 711254 285870 633295 0
5
0 722398 276135 452137 0
6
0 748974 794870 237310 557770 0
19
0 252131 581539 798215 288479 83200 685675 781349 247976 926537 546375 443024 551653 815768 792215 172585 455925 497517 0
28
0 259887 31964 544814 222544 195797 211406 916429 795375 554090 536036 39942 224524 562799 33034 4639 626302 6606 837469 748236 223341 283969 896022 206504 645243 916968 461304 0
12
0 69993 835829 432266 155428 760788 155620 321669 447342 215472 802797 0
9
0 715201 783830 13190 741429 765433 73930 860216 0
26
0 522596 100842 184827 673295 290405 928006 628499 122917 323915 982561 546440 214771 642110 648445 478938 244479 167182 971997 994154 931962 480544 791074 726311 919739 0
5
0 733528 624985 404907 0
25
0 682287 981105 370980 119239 558653 155897 25319 633457 432152 478662 193100 367359 225366 623388 254137 434702 491264 240039 301645 882988 208199 467179 353258 0
30
0 775693 153721 924466 434776 332966 168008 566118 992434 159990 836181 822911 461160 647982 710617 547501 718490 122955 720739 704749 496198 874780 404799 657298 729872 88785 364243 298784 357210 0
7
0 456128 505210 932383 123894 478104 0
23
0 778187 953605 822722 145177 762303 649914 852869 556501 269286 278753 866608 29579 546140 163220 853255 235349 523353 346893 292911 695477 818415 0
25
0 808659 434018 838189 756322 43833 922462 422502 950753 671671 278375 549242 388193 182794 673155 853736 402207 104666 888305 841152 928813 850390 352923 19802 0
6
0 169890 314236 719684 56499 0
13
0 777187 177263 105410 188401 8206 361552 74810 371742 477812 666186 719304 0
30
0 400683 398478 761673 610624 352152 152221 321364 451161 500292 447659 443075 630067 442220 453488 496368 938759 647514 622683 941011 144530 831041 435760 984700 642273 659429 86479 242643 331897 0
11
0 425900 260035 217841 972969 142391 16009 670873 802140 553036 0
18
0 618136 60404 842174 627618 832288 796187 389766 51569 453563 201256 400893 604667 283270 435402 974995 646310 0
12
0 206446 467184 931510 160792 716441 641302 159955 988116 732265 43853 0
21
0 967581 997854 747514 838808 21999 321364 529225 704428 341575 871488 828222 398697 557204 236834 260455 105169 957291 589892 571079 0
30
0 109131 654687 505608 726995 600098 309601 506949 399339 773786 21036 698624 109910 440820 438205 267702 238880 499942 258315 592496 320794 501588 224015 665874 726200 480896 537111 242849 263249 0
19
0 966464 597539 122236 20716 140130 451010 647341 657942 116275 998698 918110 387386 499385 448884 283473 439008 818079 0
32
0 30929 227048 297418 542151 766910 152444 879967 673845 653555 651413 290400 857285 629887 989171 415906 707415 211909 414637 101963 931394 646885 323899 989223 751711 83791 578926 318284 162464 730551 766327 0
22
0 69478 12411 906231 598423 868088 10412 339060 52277 656702 267364 483517 995364 45961 72573 878652 366801 397488 546332 667298 719183 0
8
0 699632 115593 752960 191026 159134 717572 0
24
0 484304 537751 859654 522837 915922 170364 3050 381005 213350 517449 149124 202186 543910 355268 73447 425610 224626 359779 790389 456620 178403 202548 0
32
0 319199 106834 118758 408194 654449 159401 512348 103690 638206 596001 510842 266606 473725 227735 943118 11195 633061 598497 61632 567231 488821 596534 694551 988012 133952 531819 578890 19409 738612 490472 0
18
0 549415 632082 140108 509339 498734 340391 265921 861667 314372 798538 805915 725108 42161 916945 785099 70809 0
19
0 571257 36526 367679 340393 548499 553891 903320 148802 22054 872129 371491 691040 957935 556172 673645 410123 97407 0
20
0 335085 431777 644778 377491 64938 938366 796112 449071 96926 118656 612915 637994 917955 729181 684836 709450 127758 442082 0
13
0 203023 301776 473470 354196 201736 561479 668938 981475 103713 67920 385179 0
32
0 406267 129513 845573 618506 984774 402755 32385 508670 949464 27358 552311 978081 99480 596225 641649 543920 992067 362975 889589 822487 673273 171945 929602 763172 966543 161017 728393 971834 203576 637007 0
5
0 122425 112739 945318 0
6
0 11076 482797 313832 409599 0
4
0 89855 442131 0
19
0 877765 268980 366425 477815 654344 302929 134887 747935 618757 854343 416603 292025 655157 533009 642771 808172 625409 0
11
0 616454 327625 837688 709727 111357 764468 915479 632584 705338 0
32
0 736589 687046 535230 823065 453802 663407 838742 774172 614547 486267 256917 307968 820906 531559 751107 442428 32123 125700 655194 155369 623360 678831 474917 911979 749492 319065 744973 903287 337032 851700 0
14
0 795444 620941 433426 37906 208365 117711 241393 925694 992239 642579 918414 578483 0
10
0 115263 830778 795899 790441 987444 363114 229087 742271 0
24
0 469063 776386 404020 866345 405877 587042 142352 420855 394296 929420 665971 93181 80482 915701 267461 519778 479536 999127 971023 265704 672023 604602 0
27
0 32916 161517 640115 518686 759159 206953 931986 334940 201482 467432 374055 836656 250986 762350 990864 820355 29131 203114 402880 559582 252352 50417 245794 659737 687494 0
24
0 8506 453525 323040 712534 728277 621543 500290 373513 971463 507628 384086 826621 355918 774454 481077 264154 464379 256572 519091 739787 588341 459567 0
29
0 206316 933384 480021 945216 236233 552305 700006 868663 237869 193211 579718 940548 779524 188074 551578 589694 452237 811598 555388 14993 211360 392778 384395 736412 241489 169920 388331 0
19
0 806736 526499 551014 312990 360876 613075 770672 100750 749103 796596 147997 550549 983824 711812 618195 318436 774727 0
17
0 703999 726124 473740 299415 637755 787438 733404 395130 485465 145292 22447 683568 31846 64404 472330 0
18
0 26473 293848 740210 827939 266098 491884 444149 151666 158144 421134 152372 979418 75215 347955 91921 60465 0
9
0 55047 865489 3234 68498 924932 698341 722344 0
23
0 197063 330660 410436 869525 119086 203558 288604 260402 146515 667056 885063 300617 709043 597327 813220 465927 548052 309792 649331 452093 31987 0
19
0 687937 659927 155415 303475 876492 88858 433986 478642 128657 871774 847631 847416 457087 677004 316896 339910 604109 0
18
0 693506 858252 276200 447412 313754 296414 632355 859586 84979 404406 54135 112621 337166 279812 224622 12382 0
10
0 809362 858640 104299 687479 341786 89989 592846 94176 0
6
0 637602 500710 677547 692050 0
8
0 506957 22992 125356 608190 120844 534975 0
7
0 845423 474702 87107 192017 737290 0
3
0 65847 0
14
0 871135 163312 215081 995894 112184 534766 726459 293131 192165 594547 935097 940460 0
28
0 762353 84982 474055 995460 177702 423465 148902 994110 702272 72450 817989 375811 665770 39966 91187 326710 464529 883583 19617 102897 56993 498038 644122 543400 610109 687157 0
13
0 65135 175661 949754 798894 370669 91670 181736 715760 310048 508859 913103 0
24
0 302049 438722 326456 815727 647966 386740 217181 809243 860559 947681 684251 800630 620399 718428 37527 949481 282956 64992 131442 28298 152446 722333 0
13
0 651378 513482 314564 159966 102321 285495 65404 506075 394237 583109 603662 0
4
0 995871 617537 0
29
0 84609 982612 900755 226585 175471 878759 665241 361382 447397 567865 485310 905670 640466 767992 241788 907482 682095 280214 825058 394031 138139 551559 390024 712539 450981 28639 634080 0
23
0 328541 424260 672786 19292 958552 128560 694266 452269 844278 376265 355132 713447 717984 988585 193385 879169 391515 888160 520709 164681 57888 0
14
0 720133 818726 401410 530303 626043 629863 819634 77479 819367 728606 154316 483595 0
24
0 277402 969242 924222 525135 446327 663114 749182 738226 230785 428342 718722 507197 535651 270138 609557 335934 871031 810715 378484 582450 242256 747235 0
24
0 983287 839105 400822 618521 383257 822299 991375 367557 419822 331779 175466 595150 320381 758726 556407 832026 137831 597436 710296 948502 964175 265183 0
31
0 184175 159677 741570 733891 739253 514865 766678 720665 74592 779118 303545 733212 580188 453003 136661 926704 703673 590499 557026 806078 607194 464799 658708 16089 839781 147820 180067 752156 494057 0
30
0 833859 663296 7823 890669 110135 59498 347227 982487 106249 87470 583131 154258 235981 357780 982405 578551 745048 220058 956053 628921 537991 45971 38132 73758 101659 395763 517628 395314 0
10
0 437419 270102 893979 140194 873946 653617 58947 25890 0
12
0 273701 794182 426760 766445 667140 207736 861041 342908 470603 24348 0
22
0 140387 89638 36022 171503 640639 407716 999702 121991 221433 833306 695423 685783 588634 232808 110149 740388 477649 981057 931059 847994 0
20
0 545753 268796 131431 357993 605863 738129 818660 151631 628260 224236 76625 590432 630773 449428 745928 665838 174869 289064 0
11
0 894020 637031 215553 145081 798747 421866 328365 56710 716455 0
27
0 366754 696156 577077 420143 183846 889880 558922 387206 994886 119209 437081 575636 714987 378032 88267 220295 154533 219689 801995 280153 147500 487043 50331 919358 748413 0
16
0 550506 303108 676110 285803 31206 608594 896310 205026 483721 620996 678129 46462 171148 784855 0
20
0 908382 16391 18419 694149 919977 463565 899663 56994 372978 314537 881817 121832 78099 775596 988379 443836 627891 71557 0
11
0 477974 175473 456364 487226 457585 340002 119493 9394 300568 0
7
0 35690 865790 855770 75116 534350 0
7
0 487148 131783 211209 686751 190207 0
15
0 542422 466953 259853 210305 122332 238700 41209 653350 505341 385004 624778 527761 325367 0
11
0 698838 971263 138228 554106 530489 342023 117485 780922 646298 0
25
0 727659 940192 773673 33279 991357 592888 891769 946343 91917 399129 944832 803383 230578 243111 921728 521672 942608 607336 949187 199945 657545 831561 545307 0
18
0 461467 357334 694971 372879 629956 56194 390703 880241 316321 712888 345071 104205 413919 646716 537154 148468 0
14
0 234823 146579 760239 381032 442589 13710 869124 962490 77488 60836 516592 975737 0
15
0 992300 785018 856498 993219 577955 260884 638227 532081 447331 688244 294854 407267 200218 0
30
0 226280 146534 112848 901309 878021 266055 917056 179593 24076 328516 526809 380515 143412 381600 365329 766854 284672 531339 918619 260536 664647 723438 203590 725313 664590 857311 709780 836139 0
15
0 121466 695410 461378 758138 990281 585076 842789 913767 826815 742443 217204 151641 350873 0
7
0 801767 930290 626565 819005 309392 0
7
0 204828 894076 775087 180806 717157 0
24
0 112089 5987 855277 209831 379514 604643 666219 151255 497902 138074 500144 54491 324058 597801 247760 560270 893247 46412 365238 799824 114621 988116 0
20
0 88407 894011 288250 605645 430828 878594 541040 248726 108963 556239 21862 130836 113150 542262 254406 139261 241071 940682 0
11
0 960437 947604 447819 848184 262612 882028 734438 189351 117448 0
3
0 24968 0
32
0 923853 398711 918674 357582 617852 107698 985331 756406 89435 418994 557283 708735 843739 393127 964387 996389 463915 828698 392985 638078 952943 523550 886362 157738 274976 181034 624364 671533 400304 836890 0
21
0 140315 494397 726125 885504 472361 780220 736263 336946 683825 479861 654936 312289 550639 505448 694481 790173 223867 361745 127994 0
4
0 767169 548706 0
19
0 774972 732027 802658 762709 605865 795174 443127 300000 464274 562886 753088 342253 501971 941704 13882 104294 254026 0
6
0 921265 324243 657214 206598 0
4
0 672569 31771 0
3
0 661469 0
22
0 92933 123379 414841 929204 576877 936765 790798 750878 472238 249616 225276 620673 953478 242936 673189 428860 445195 42572 402904 660506 0
13
0 278360 845120 503097 844705 504046 772509 145544 5245 41376 373854 923963 0
9
0 84292 504264 540096 526770 100140 20543 882755 0
27
0 314842 690184 535511 416152 974246 963862 850295 180360 75099 971775 995837 109384 412272 334903 511495 813487 715461 780781 104380 52318 508686 823133 640912 216472 478159 0
14
0 169969 136633 308384 502243 157342 352635 791991 439649 277834 173350 397314 939858 0
19
0 815946 462068 471337 854266 227221 401297 238370 913176 370869 568622 299889 103546 779361 590544 448210 357872 591709 0
21
0 138954 918529 784484 539247 744607 870321 532688 712563 197917 693355 951209 424088 951562 305617 162168 89645 503760 433040 273849 0
32
0 404675 345732 88749 848359 704477 887634 827064 130373 52307 965933 466981 621511 587897 87150 633929 658727 135237 175244 646097 949818 967886 761723 621345 106477 166648 868435 370032 423860 754457 619193 0
31
0 900646 9077 451818 527204 168084 403524 550923 426745 399599 292788 549568 905913 212941 351782 452555 863395 44861 110974 33120 613293 515478 717186 143170 370658 51904 229690 592868 86941 775935 0
18
0 251888 852636 529805 811166 21093 556478 703746 701836 530999 112959 877122 298118 569498 475515 261336 600736 0
28
0 871248 574630 280617 649065 883031 873734 370611 669299 361763 808066 944498 345055 438985 9052 384344 413335 943637 802651 963502 276069 26959 720377 753884 817757 80203 597881 0
27
0 588019 681000 185448 666590 785267 898840 994258 908101 9722 215670 925315 628819 551413 62196 878826 877477 122083 247638 405401 733904 240312 854708 5809 149385 263087 0
8
0 707443 184695 564292 118768 261803 531920 0
23
0 404367 967358 182498 537552 263221 48495 334833 925472 359961 713280 961511 990850 864011 410632 962885 742646 297444 323737 115358 866308 763780 0
23
0 154693 124376 286955 576376 63285 666367 614201 407827 609121 792771 468245 702485 357090 749907 391956 853305 450406 123148 130630 512458 505681 0
20
0 337458 211226 99012 364453 39926 214586 2279 354530 62350 613593 554073 121487 830680 287068 738692 630878 560180 944617 0
30
0 254333 205359 372719 188522 237929 78770 420848 74440 739008 901753 587384 106581 526502 823869 851793 566467 603961 871718 858932 77569 251034 824755 808797 871178 247814 603812 326259 334827 0
24
0 497835 596637 466031 724592 940151 736970 821142 994526 335446 659824 987454 657610 689414 541240 528727 646554 397527 107251 669572 353803 838316 423270 0
22
0 115098 43689 425490 31829 752885 482645 303903 508624 378473 465927 472366 883216 741483 158680 894721 366397 258362 199817 383387 990656 0
4
0 708033 64313 0
7
0 96593 768943 196943 224737 283775 0
23
0 588411 543244 40999 213461 621701 860567 899742 26834 449756 896080 298974 743320 706242 493354 889639 722710 25051 396765 26985 180913 578217 0
4
0 8988 233719 0
22
0 922439 269356 920743 435600 805174 904250 869707 422138 638077 360466 698087 582982 8425 712390 447003 792401 34558 777527 840517 646531 0
19
0 692515 148935 849908 40755 872779 603728 122828 135309 927337 920045 586562 236951 783460 579496 88083 34158 183950 0
22
0 550885 148048 322646 390908 15351 40249 370404 650366 932927 517631 629406 491985 253123 283370 132666 720697 136397 204343 226058 750943 0
18
0 215584 121408 647552 910136 806017 723386 114503 20871 253539 101037 99653 208065 406183 354249 731331 489452 0
26
0 85650 756001 583410 791754 948626 108611 382711 296695 62953 873595 974425 506465 820271 117528 201857 139480 177191 623785 130632 718707 550113 638218 688927 932972 0
12
0 731839 526839 81534 523072 423804 174999 6666 874235 90948 297330 0
29
0 196993 774975 974678 985107 908001 415002 416821 260732 23400 77055 415323 497835 162781 581039 182777 658160 110794 173319 48501 563607 841195 335380 252216 350645 619619 829794 246940 0
5
0 870758 339664 5019 0
21
0 275202 485473 273027 125038 939306 208489 640881 723195 507718 262377 956577 213653 628873 809201 936744 800473 232501 276017 559507 0
13
0 458051 178271 480547 240284 275457 781764 645734 32747 768151 463154 10520 0
8
0 901551 905464 886387 829756 429175 768671 0
31
0 478849 97968 919581 244008 998977 651342 908817 868045 889311 62832 790479 937877 370495 751738 846648 909838 78705 391253 530175 479489 61682 145235 525171 347568 851710 272738 713977 959048 149412 0
11
0 204612 567669 725723 488720 740291 778119 60065 735766 679596 0
16
0 833207 336511 540831 761346 808765 590956 671919 505350 475282 81761 357243 85257 746745 950527 0
26
0 584265 810910 971322 353357 851896 935272 941156 919412 659718 780698 57207 465246 140623 633246 694416 403367 207933 629029 418397 897129 11622 986545 815255 323328 0
24
0 402013 382898 411412 183650 905723 788284 79796 718665 667688 706049 342661 614131 356826 676389 415224 434025 810030 469738 288588 755910 445642 849708 0
14
0 719602 271200 8568 666957 197745 118087 564059 185138 216077 45124 266188 147957 0
27
0 758287 658403 762757 23363 106808 363299 723698 802632 994577 196376 698619 641102 553961 709158 587297 513247 102640 433669 911817 345823 952539 370440 562627 659611 698384 0
19
0 76913 112892 528674 174540 274930 331968 350499 849059 677741 887399 560830 773259 557369 80559 250248 5767 772711 0
23
0 499146 182021 566694 605727 287572 958921 426690 509836 140264 127752 627358 547151 858085 524650 160170 118604 731401 680028 683356 875832 1853 0
3
0 156823 0
3
0 396776 0
22
0 901103 216328 453729 441464 352245 401194 627062 111614 261314 55044 2639 445877 795482 119116 635745 569861 350259 608311 764384 219749 0
24
0 500962 199223 898871 970888 483564 633529 538126 131502 859349 225544 32418 324232 187966 276498 274162 594663 615663 91262 549565 716930 986737 470983 0
28
0 285499 503893 790845 31847 789101 72911 212209 785504 600282 314480 178507 236900 254386 131512 915378 721602 811919 720541 233702 238723 963967 4403 934413 311696 841060 296351 0
30
0 570453 92311 655392 914286 943056 396212 959966 680268 147997 292710 753126 919482 661639 874120 411962 787911 738923 854522 187885 27568 611187 88283 704467 168956 342249 833767 320079 273308 0
17
0 620138 998376 517727 792511 824457 16575 672053 732223 304694 914976 283635 89533 421911 431153 484084 0
10
0 156060 556057 644550 597369 135803 320225 267421 185082 0
20
0 399189 256548 480685 558715 617284 911319 373321 60018 929540 555614 979630 346833 533039 186692 389914 159941 527992 346379 0
30
0 689893 157841 503147 673146 4467 344824 916896 307063 11933 500554 675861 983122 151988 238401 702252 853278 186660 742692 544349 272475 83791 946319 972841 467645 37283 558763 924903 299669 0
25
0 297260 393339 557249 260542 170429 742288 714309 786532 260725 867876 666199 623789 948824 440003 321527 445594 452435 443353 45201 355080 932957 265231 605083 0
24
0 643084 833355 10246 407293 243435 213158 625853 366611 988448 406446 692928 272212 809746 889158 901055 60220 432158 799154 244135 123159 975972 81653 0
14
0 359567 120942 521371 101141 392224 708885 486037 266862 888013 610768 608320 60498 0
24
0 646851 374400 972108 131887 221573 65046 895977 614740 409196 169377 661395 931617 816571 503768 29400 82991 43505 315050 12870 938353 166804 2513 0
5
0 535371 461484 225373 0
13
0 698730 569662 742743 466250 749548 906036 18780 910200 770357 625842 568554 0
20
0 756472 655405 220788 395917 820441 69695 262845 930568 213971 30206 964986 794915 64675 314817 300890 239017 68659 161397 0
28
0 703101 800777 988156 506932 38561 798158 753978 65449 555546 865016 634943 719937 539215 864726 303511 704055 667414 289448 364131 646413 703158 460612 440518 601091 556164 885164 0
25
0 4878 397100 512264 371188 188434 845428 210255 872343 265238 447171 429349 448543 442327 400713 192813 8168 983180 534178 686503 306647 104363 645547 44503 0
26
0 91441 112493 60021 154709 605011 211165 512532 799716 815538 56380 662423 961029 546694 40613 682838 181038 451801 207925 527525 443767 663121 742610 213181 384681 0
9
0 339852 127503 470577 32640 195696 958515 802625 0
7
0 736830 592249 882797 629984 242318 0
32
0 143813 31346 26588 884347 67587 620500 303755 595728 913414 735165 489702 204717 132491 720847 895018 136696 452055 64415 193055 189973 103649 91686 891939 224774 603173 621214 165597 700631 564581 131616 0
9
0 795101 281040 594296 254615 859618 270920 495816 0
17
0 489929 362489 943619 473504 361894 992012 497694 676945 252376 939931 674629 606605 856914 530811 553014 0
8
0 158405 338087 642872 596897 442904 98023 0
27
0 861579 146660 238198 225526 59660 416854 168375 140483 578544 961917 706509 354156 728093 214926 514295 403078 394124 765219 192420 67405 118629 121438 158621 714692 486300 0
4
0 5704 848555 0
14
0 283924 559032 13847 212363 353182 901638 967044 261717 51680 16354 559764 485102 0
24
0 405457 681200 337939 662581 281351 936510 118147 408419 62617 775453 414447 764887 851477 72145 168223 62827 720449 782491 92062 61019 849899 993244 0
30
0 708283 135980 850934 859075 719202 840796 317603 982175 922896 379603 679980 321185 614605 607019 48636 876655 948353 481244 181507 594112 466624 509406 751978 348459 217248 332788 308744 415945 0
9
0 458995 746994 963285 779337 130335 604410 675243 0
3
0 565835 0
27
0 619691 490846 729599 258685 828263 53866 277178 730498 959263 710244 219057 153138 240593 910555 933547 875372 687738 436932 564350 699409 1829 33875 475315 794776 661437 0
20
0 31354 430251 308899 861054 168397 168738 184788 180866 728874 377386 37137 974185 168895 234260 947104 226488 909398 695292 0
14
0 551889 92083 905443 39642 59571 783416 812933 917414 128243 443616 79330 994682 0
31
0 138466 645432 806716 99285 604302 494602 569437 898581 646229 688551 246760 256588 717859 257246 248694 428750 522044 465389 516077 68920 423448 466495 197957 534188 899180 516373 252909 977510 285914 0
10
0 992980 595821 330476 5865 386596 189909 229230 541962 0
23
0 533922 160428 537617 654377 633810 477373 836315 920118 81725 471239 813694 301403 321813 297671 940568 438122 492956 652309 226059 676718 956697 0
21
0 410369 174786 149400 444049 848383 169997 339254 835410 459897 308464 475464 130944 416240 299912 812639 666714 173143 230302 600843 0
9
0 846155 41309 470173 825282 798937 833760 121540 0
4
0 531325 755828 0
24
0 483109 931075 848564 726866 531575 213004 615587 162403 722331 439117 555006 740335 348128 302665 377631 279175 706125 845123 204969 975760 798702 71792 0
30
0 774487 855685 111030 604218 431420 732613 344281 386970 187028 822213 585225 830869 312257 788695 783530 793369 657343 928184 254303 842909 293117 385937 429430 131197 945629 653898 205266 788629 0
22
0 317981 270544 463273 706254 213370 67411 231452 748442 960705 851820 630921 639859 316440 550363 85069 390382 341320 970764 791631 706574 0
4
0 141870 267121 0
19
0 226711 696987 551624 404375 550470 774127 49887 535219 794986 306956 746680 725333 496470 27002 367874 743603 274971 0
6
0 956 991998 323588 354879 0
10
0 596088 9133 60053 461615 799759 959862 192952 60292 0
21
0 137047 527607 472363 250731 863027 715912 676401 884168 991702 296997 453158 919870 497080 609137 402906 506449 961907 664371 872888 0
30
0 237739 861539 679407 996691 781915 309128 657330 101070 498882 413183 783302 261434 742793 449196 271474 899501 310751 254528 482031 899221 95897 493330 309779 476642 861367 666214 461933 469289 0
9
0 403744 82423 983167 682529 107005 264335 145570 0
7
0 572098 655731 192629 230134 715602 0
17
0 508021 846488 7887 8736 430797 876335 340792 453104 460611 823868 103709 231909 180265 212977 337761 0
25
0 91212 954653 50474 30784 865363 927804 964662 737341 174448 378344 430007 797798 559584 71160 227989 541205 446188 801100 955954 913950 298575 68892 139730 0
19
0 649847 877822 903758 12273 929919 389164 685713 972819 49066 547986 151338 861949 568463 801820 417229 562564 474367 0
30
0 358696 788179 562432 844807 681333 181187 353925 751262 687785 235031 21901 288627 505965 163726 438760 71749 422557 584736 791424 678850 397551 211863 593465 406954 189157 122220 7536 975973 0
14
0 516908 3033 872604 960795 418661 571131 326764 885116 960892 342174 572965 841425 0
19
0 161740 811979 776121 125241 919878 327646 632019 15004 151266 366988 64058 805354 387660 730998 706329 964059 813838 0
8
0 519536 413971 607048 796561 543427 425675 0
17
0 554738 997920 168616 945994 931844 340365 663749 337415 805 506689 584154 683588 416262 741664 4602 0
22
0 67498 477047 386354 7529 864793 685730 842293 466245 581176 891401 379489 394160 929581 475547 561167 507188 112509 419492 908047 340342 0
32
0 661697 436658 245071 565739 216941 217575 812211 573944 813137 14742 427408 311109 243022 475992 644496 609716 265166 203933 421540 975265 985078 27071 319473 389933 904314 122280 490196 801252 566829 749041 0
30
0 71024 874988 781531 231086 76336 829023 287760 443569 44224 509289 779272 598730 640167 140973 810406 888811 295217 743007 406954 326341 172654 159037 536584 455569 7674 411279 784385 572872 0
5
0 586912 373952 660011 0
24
0 753700 39314 454262 476109 498283 725763 457555 254756 402848 118935 515004 199720 661259 285452 19421 182100 98456 174417 809782 756587 133915 590415 0
26
0 319771 912074 52109 990543 794622 835248 437866 213301 688255 29659 9366 430183 297897 877778 903685 900254 283079 369610 710514 135381 80036 366146 609152 281893 0
27
0 220302 780869 535474 587113 482268 378274 924943 949149 926680 778328 61254 214138 903505 202269 567769 531330 838302 788532 172025 865726 544328 793175 157569 293075 899919 0
31
0 251287 794327 213590 311222 274568 600547 306797 441917 846566 477931 84425 385392 402464 169577 471702 979498 245785 871078 389376 127210 937378 16789 130361 448240 521026 784314 12134 680893 300176 0
32
0 449388 325562 77146 67368 61463 598171 557834 792626 66102 448034 859985 599732 163506 448738 124508 962484 438233 963723 58057 410097 134526 394988 372275 642693 997778 243820 710666 271676 139046 604192 0
16
0 384605 584072 158285 443670 892464 167132 260605 274975 491717 745339 15782 943969 380359 213800 0
4
0 580945 950209 0
32
0 168677 693106 443286 143747 78004 817709 900054 938293 234259 163293 571996 5180 336803 163960 598876 445919 182457 698279 304164 821653 938065 58513 454596 242256 749874 932077 242985 690040 481982 859789 0
29
0 696381 735100 946847 808981 469612 838545 930791 912205 995903 316974 483844 471763 434461 538510 405764 493185 323493 423226 448953 234919 570106 200683 329014 351304 825821 992688 614588 0
32
0 828683 985257 19571 683632 160117 673993 455234 229965 888421 535608 607180 974738 837298 968206 577663 279203 596610 980699 238160 714453 976278 250243 955569 108323 254113 331627 369606 728475 241005 887803 0
29
0 959781 60927 122752 961734 84743 383729 340216 260466 173723 57164 147391 651112 872714 71516 522811 3606 887943 572732 916523 591699 395266 551544 647654 212777 926203 140708 389483 0
21
0 376338 410629 10518 34379 469669 891144 507066 209619 480594 542747 272789 472926 337694 736487 846820 599990 488151 826720 161349 0
7
0 170182 380023 279594 387328 323469 0
25
0 852955 854862 212429 189610 795317 47996 285925 847441 319073 374086 852427 898134 330640 710289 776900 969674 463184 613792 92127 460072 307013 108522 218760 0
27
0 480364 872923 591032 421458 353247 299585 745587 235899 592285 213709 507734 414550 659711 167203 394241 250096 724329 200214 734321 110897 164610 244907 40387 173704 600208 0
29
0 833079 270485 801507 505652 895323 244107 455045 222317 222788 349833 386091 735044 462117 123992 330196 400202 125690 4650 320805 560350 935059 375959 66627 956437 604598 974400 342551 0
20
0 497658 712462 657125 125491 43136 480858 527465 68427 707026 32026 919349 951469 840552 546818 8645 221705 2132 72357 0
14
0 114103 678466 147232 608321 323530 921874 52520 92640 621421 204769 758390 160483 0
17
0 964390 477310 846485 80775 700723 979935 960983 60469 2296 914270 942938 699417 358021 278471 5440 0
6
0 393459 359013 959842 541641 0
31
0 97840 370380 60217 4995 811546 799861 367575 226028 707459 377269 903035 456832 382475 214135 871191 10230 856194 713133 773948 894701 687965 855009 793108 867485 723702 317916 503023 989981 580803 0
12
0 777371 954165 373225 681558 32965 630458 250244 651813 785756 670732 0
27
0 134113 849320 778531 202440 480585 535418 494974 309138 976403 909624 542862 276321 259040 700784 226858 707228 50840 995251 816629 250732 943855 375808 512311 551572 197699 0
11
0 568220 517567 965921 194763 192306 140362 492196 59043 372879 0
26
0 920876 939640 506184 369789 720115 699505 747823 636558 237758 353041 822139 993496 339536 780135 856674 374586 589202 711170 459907 676224 459889 874173 247688 288929 0
30
0 356957 711640 143818 421027 50266 156368 256450 664642 19988 414742 808165 580158 583861 694004 646335 650307 64320 522735 119077 607831 849973 80394 615009 758 922699 546568 696786 783775 0
17
0 187515 778193 753316 131908 854671 754590 173207 356027 576201 671948 172463 404144 399439 167287 774487 0
4
0 151159 900476 0
21
0 467637 53492 579222 330681 936970 122341 894521 35117 959854 886599 295242 561352 86128 240624 819334 386936 859314 247389 844660 0
12
0 507391 884044 498164 532791 601397 913118 316767 284990 845938 392285 0
25
0 713296 619459 16475 815850 381489 303630 244824 67560 995267 123464 998369 574413 580433 654329 593971 782391 744941 394329 426830 741787 948933 340315 587515 0
13
0 892813 623676 308519 343900 35835 518558 934540 162134 350197 815495 408548 0
28
0 348158 75039 26404 763356 590184 930434 639637 330017 782009 765212 528935 255009 543661 751921 759861 869643 717594 198806 58768 93265 147069 351504 460297 976726 499622 975094 0
12
0 788119 912465 218913 849367 852506 369032 668760 201877 863227 591586 0
11
0 964275 237245 152878 727872 479576 489584 632953 950167 849974 0
30
0 394780 355220 129308 708986 55608 809695 689991 938977 739045 385672 564848 24117 379965 858609 222561 86159 537911 13564 114170 260195 798696 136447 132877 654427 347272 836913 408638 260149 0
14
0 303834 775166 106133 493847 757960 219059 2044 647208 660705 360945 340511 416122 0
27
0 833540 545444 563609 202579 159692 987145 537883 235371 928580 362865 352494 980068 285888 919218 907100 579107 323310 251334 966368 795919 195835 440556 647360 308960 914677 0
10
0 859695 103903 162995 500944 305769 912141 676238 831078 0
32
0 150201 102761 601830 412859 52068 967732 175484 53738 761899 700628 380145 255721 610158 378241 715212 50814 960185 290661 790779 556431 477770 917474 49234 654939 538209 383193 470960 460526 932906 623191 0
3
0 119634 0
7
0 11533 936560 273763 145318 374364 0
19
0 888069 695300 259655 112319 511794 819192 735319 262183 886144 841075 148685 549967 929987 196292 478807 669783 112749 0
17
0 526345 885060 409556 849031 312064 216330 730255 868350 564378 323781 179324 841111 175537 22487 785118 0
18
0 921005 352854 803444 905351 107563 748352 268416 844281 897318 673257 801327 54222 636345 161851 429118 75304 0
17
0 264715 156363 173499 630203 351970 172132 799420 60183 748752 933609 127445 376459 996694 116755 165070 0
31
0 96419 46490 82752 771994 743967 490809 503440 160571 161158 69593 938435 371837 774896 238313 546709 749899 467246 771471 550938 913034 296263 230039 25128 132906 414007 839515 912565 835473 324430 0
7
0 765459 880517 633763 76626 190052 0
4
0 722518 797863 0
13
0 189946 727407 247236 391517 798924 549898 103851 159990 343395 618077 761731 0
9
0 475070 635924 509011 618639 768491 652174 937272 0
26
0 635325 159149 931507 672885 212641 750210 935081 599162 198444 872006 942417 407343 607655 680132 831242 242962 541091 674687 580336 242320 63254 855378 989415 267766 0
14
0 564311 182987 586934 535366 915466 947484 217757 868034 75626 868122 742401 354139 0
22
0 380982 902578 158206 556858 546163 679621 929001 144926 974249 517321 866835 447465 488416 450713 61767 957909 441857 10720 619033 308926 0
25
0 462832 130216 116666 527680 452642 899773 727335 665920 546415 413459 837004 672766 381684 560439 500877 190623 901361 726825 315247 273673 449417 608490 378180 0
4
0 164351 848492 0
26
0 319971 682321 350648 132930 298763 341486 710384 617572 874884 867238 855261 206299 538747 811461 108322 670879 628581 188262 358083 58475 570988 886082 710773 884409 0
6
0 868904 397325 519506 243357 0
10
0 738705 966021 56935 820101 762335 769190 30687 82566 0
15
0 147615 375816 170865 42969 923101 162872 584523 16977 92638 225884 259242 588237 197432 0
20
0 778517 463490 993476 305100 994580 786471 989868 627867 506180 166198 811348 606068 467534 50494 906976 184997 284931 612555 0
22
0 920544 560723 500380 4229 557882 938054 753765 49892 101659 739612 495432 749071 381947 727192 268019 743044 753953 513408 632954 523843 0
16
0 322666 903558 43067 249908 257640 268744 875790 249028 217264 343346 502370 458460 592795 636420 0
18
0 757765 137788 746694 45783 515552 140797 46616 381070 601193 215768 482540 988212 42278 841958 457628 927287 0
10
0 268095 195226 954909 801369 482613 567566 214916 753191 0
13
0 721395 479884 796545 974737 578646 861907 451584 575276 315226 472561 689404 0
3
0 447711 0
28
0 375987 770967 502792 344201 958035 106855 723866 956691 239316 551814 755789 315828 926129 385656 406157 463913 782494 261479 349506 570889 884764 765544 96057 717862 634962 479293 0
12
0 288861 383108 739217 383085 534855 597196 975627 521556 894946 47242 0
31
0 664221 34161 446889 939320 191713 710804 983925 525698 35668 256996 781334 696843 911282 337289 284732 475014 311396 657179 711424 605898 629829 668542 616959 563638 264024 401232 943667 254359 169955 0
20
0 120116 690049 142642 434097 223751 176458 716829 808790 552821 728541 369678 114752 604914 390510 87271 166689 631939 228012 0
19
0 870199 618722 615721 451582 167445 34588 920418 620818 708969 891393 495393 284201 437927 218319 4779 650542 665129 0
30
0 29437 210711 832256 972990 749706 214042 385251 645046 472915 472030 43094 151676 671221 468124 964277 655019 262489 633662 294441 95776 475988 587939 431087 378194 424562 932861 501830 858517 0
5
0 781523 540935 644729 0
16
0 435865 865377 881324 736272 954175 950127 994195 565297 935558 818232 630435 331704 7362 580156 0
26
0 983954 820944 884177 380746 50761 541517 574803 454308 153863 473766 927695 972777 860614 192576 350115 862462 427152 684541 935149 252283 38410 262846 85212 949921 0
30
0 254080 577355 631690 297114 155622 181206 760667 573300 770230 795904 355294 433155 961324 85120 675863 863538 91800 102293 868658 774350 111424 381645 900789 698301 948965 836637 102288 810765 0
19
0 318817 476939 605002 47072 659515 310562 195069 301880 448467 210399 946656 188257 661648 338023 658950 442396 670283 0
14
0 222403 122177 427160 399481 60274 992718 188897 541218 267132 397150 868480 431224 0
7
0 162283 250948 646597 667440 703767 0
8
0 237431 56643 549712 302806 741595 117007 0
21
0 316820 91790 866911 800139 716283 420303 822214 174160 31092 118167 654280 653144 196882 883364 927995 927674 273730 934389 62377 0
4
0 637487 607838 0
22
0 152005 909476 864904 447835 352834 551640 405867 380822 917288 895981 988380 619957 544540 704646 238582 356360 308996 114163 557992 793590 0
21
0 235443 661260 751744 787710 268202 177691 627299 234524 139023 614060 116631 194135 799328 234040 392469 456986 116358 115301 680293 0
26
0 595823 979483 884033 208824 825221 468903 139189 452357 789251 777212 473692 185495 752991 915267 589922 878819 101974 353754 521551 70093 822382 261527 404864 194206 0
11
0 431836 338389 679121 409322 965585 249404 782730 19801 435156 0
23
0 407479 642072 495558 295150 736531 599122 524484 714504 540756 771990 63686 732592 160739 942005 436379 85093 405389 548177 753582 38211 655595 0
13
0 589214 725547 122797 796476 833462 505613 323706 263251 564032 518916 825709 0
14
0 49780 445019 439676 561636 90467 453190 816165 227114 275023 550761 582683 137184 0
14
0 271776 310723 80982 364285 165101 742680 711161 26716 403420 168957 715496 200248 0
23
0 987909 424353 332948 639768 546140 498475 88113 911426 985617 556555 918661 955402 486685 185565 981825 243434 628508 623925 602479 467227 742695 0
32
0 218025 69524 838938 562963 771050 752719 198146 52593 342663 7147 845700 953022 965137 8428 483603 300850 510142 808118 864332 116737 885086 430100 650810 715338 55487 475366 730864 162558 55134 810088 0
31
0 604394 553266 842869 222487 286923 515334 901518 843775 771138 186148 700566 509511 583645 767112 732333 988828 220161 408841 993147 117091 992976 155915 639559 3340 95594 453022 194000 77756 397912 0
30
0 175605 988402 639194 302834 413762 866201 375867 518413 271700 642846 478804 954794 32068 762406 442907 178651 669877 447042 660201 383370 252944 836819 977605 186587 408654 254551 376128 164943 0
25
0 488210 676670 704979 269925 741581 344667 42495 632093 566940 261959 229844 589611 456604 729834 996051 400430 901896 526573 321290 325295 447666 83144 295236 0
13
0 208421 259097 67433 630702 716548 583053 915982 687192 970760 427311 764467 0
15
0 382897 156981 180011 107500 403454 411493 571607 50207 469281 556673 70162 511689 222912 0
10
0 814893 960109 525489 96249 652326 297588 45330 782017 0
5
0 283927 236904 602739 0
9
0 294187 364062 643531 403443 494440 471181 605070 0
32
0 59520 806393 922253 800861 171199 192512 726475 508258 109642 959613 778446 968256 50458 745326 161611 874847 660459 956979 122016 41146 980597 553425 589805 553492 58340 772302 690415 855394 613698 667639 0
26
0 725225 86118 184599 961181 817013 584616 204228 321432 930409 466546 754033 987657 721116 683588 148905 991693 790391 318514 860115 27170 911831 908210 384939 843357 0
15
0 421211 477118 869273 127272 277646 869492 915180 734641 344667 67488 106198 393603 503578 0
24
0 372567 721028 673924 808622 562342 492830 44658 696221 524017 621400 743436 612828 318528 361136 600498 60134 740337 194610 300990 546798 899848 253304 0
8
0 85521 103334 741886 203268 183676 270719 0
15
0 772009 399124 328763 56099 487961 770033 994966 490728 426913 107548 89548 873857 953066 0
8
0 849759 23951 62260 46319 710931 755748 0
28
0 503371 233853 95174 330703 191992 778174 301081 194862 122878 549185 312038 960169 847905 40960 605335 699589 662814 759368 340743 752346 229839 924671 4305 476055 345808 93920 0
10
0 889469 214067 408108 726197 109450 334643 467701 205732 0
7
0 547994 207107 495325 298380 355285 0
31
0 819460 377546 12177 188290 690769 674985 780886 615608 576721 135789 116826 568573 620285 270067 950845 605467 103179 885008 146989 826748 656850 327850 742471 422699 809925 450406 301527 616976 507382 0
32
0 29942 638364 754963 285065 751996 417820 127576 838717 862996 942999 238607 858922 352220 957267 79749 209587 951702 316774 252070 723832 47021 619059 615898 91808 130581 218817 492669 139004 534696 288598 0
18
0 325100 464456 9472 442086 68026 115176 22441 18091 99581 139433 560012 878946 974937 945223 623644 983809 0
12
0 717854 879039 406792 32245 342502 548166 703790 591374 63864 7922 0
30
0 881699 321764 224422 479035 272432 568673 380789 848654 967971 386937 526889 652630 993377 598754 714802 475989 514784 467312 465890 521456 276507 570582 764603 611069 909833 862647 135481 331269 0
23
0 828007 779065 276498 972834 970158 151315 583486 203478 999590 597462 508714 477665 551979 716097 719401 728514 925354 939951 129306 638527 67941 0
19
0 706148 56 569767 774504 748296 366182 180120 661459 611006 558618 93096 701011 235486 980084 534445 135565 202629 0
20
0 240457 934313 246878 869822 17571 488129 533543 440577 769710 558898 871441 210155 781382 673206 273078 889588 662662 543214 0
27
0 24139 935617 973615 870055 545625 750625 657909 207943 409473 111344 436751 625033 630477 660556 667551 310116 946068 851151 316912 800997 830403 577047 20210 453330 32375 0
8
0 604434 34784 620246 496288 36262 73256 0
9
0 352661 396778 634101 860474 679114 552060 53605 0
27
0 52835 444579 785719 892105 746160 146706 648293 957061 44870 421057 745543 574748 461122 730674 768704 85184 340596 211115 567170 370119 7638 76390 704224 885309 700344 0
11
0 566463 479436 214516 693590 408913 425933 26728 207877 377318 0
23
0 619251 626575 938412 601810 942797 99651 460252 927727 563156 552997 949219 807231 694298 411684 937771 591187 507456 262235 206071 978227 496899 0
12
0 22745 85149 17801 823784 448663 837073 540726 545213 72018 420705 0
14
0 380662 316550 579092 580575 897622 715730 58780 547198 229290 895833 191840 371880 0
13
0 557353 760397 40811 775366 435007 837921 561188 667802 28688 937454 597466 0
10
0 814952 970157 718890 38314 853048 542751 276448 654512 0
12
0 655964 734674 610708 251554 529862 569579 866051 108426 1788 556400 0
5
0 779130 884836 205372 0
3
0 32157 0
10
0 646497 335661 566338 59005 442746 110721 26620 943786 0
31
0 690877 19335 979255 883270 77213 76997 383939 498782 25770 425077 817713 644648 383906 576501 281108 526894 977708 542895 144376 151574 131110 975637 370210 365105 300735 905156 640550 944802 752774 0
29
0 868463 765361 329299 537079 882236 538314 943350 852245 240974 905467 952045 139268 69725 649162 969372 133090 138569 933103 404500 246000 841927 268865 981722 602501 375217 796971 728977 0
25
0 502344 545255 298996 35546 843677 241643 768584 506285 366329 737210 634516 605098 960292 630067 377520 265498 75726 884044 508618 866353 107143 44180 880507 0
15
0 951836 22588 213462 264229 22074 526003 377051 122337 203980 175110 466614 980194 539500 0
11
0 781142 114211 630881 83823 713856 138512 586411 702088 294053 0
19
0 493541 619424 843291 42785 985098 828459 288398 611973 288311 274702 567884 371299 125863 47850 801927 720153 600102 0
32
0 894278 307352 590425 27459 944707 638626 129189 729752 458375 668061 444213 326530 847887 502078 815000 391721 119517 476230 130744 68334 744786 426557 285535 945352 978419 517700 425239 397651 164071 392309 0
3
0 638799 0
26
0 555316 606927 556653 227505 161533 794599 668190 705403 605126 473555 520022 889825 984677 949441 497695 18931 646102 759990 92578 433195 54162 536231 541962 412331 0
25
0 227612 628548 182405 675779 716089 757559 44619 751891 235460 268982 997548 688980 318000 288024 595611 353233 72279 962783 842215 657670 363949 804902 931972 0
19
0 655718 316734 664235 342171 980411 845807 394196 817574 586921 819316 236555 37110 97602 572246 712936 958146 58484 0
10
0 20380 668325 654684 684564 700136 911930 762645 626250 0
29
0 202617 174276 325888 295624 600040 906455 324140 348727 286562 798298 454674 687866 205808 90937 701701 823408 608494 697598 824257 244088 597928 845894 913293 48564 248931 401580 716966 0
30
0 968434 20944 270118 957426 46546 208310 562881 671219 758407 690267 796112 235207 752345 62785 945214 529319 316833 206740 588630 182642 963050 941586 560845 806062 3250 645167 706534 193258 0
29
0 501274 829602 788801 965671 922519 172118 71899 936691 904886 900579 439207 685012 629633 372968 432966 410688 288275 825899 332639 360274 520847 202790 360787 42569 736466 785187 737124 0
23
0 986496 846323 406587 113259 937052 966870 928685 725989 238224 420323 343011 377832 737215 17386 139672 136500 706722 118477 347190 451484 98722 0
12
0 168039 687155 22919 824227 203105 360378 971862 855695 978850 47648 0
24
0 563823 105621 307076 454847 681022 846473 891166 439976 340572 327625 995092 156253 282451 448046 657429 170462 316857 180412 598073 399829 621820 372533 0
21
0 255053 891055 797050 299697 521117 963459 194537 466972 909843 982461 75814 77888 796991 362531 447376 514536 536076 290374 194493 0
24
0 950539 414408 708760 161845 811413 636585 619438 153236 361658 268683 361166 536239 500356 688901 601737 128059 500350 511701 755871 9857 673433 957899 0
4
0 504567 676939 0
14
0 349888 821020 785058 816124 813638 829857 582794 19411 363791 683633 500809 850619 0
18
0 359955 928185 903988 814649 303576 202006 235117 847140 561959 199873 24447 878280 811335 137964 958863 532221 0
32
0 412333 77133 32226 961737 903392 722271 428357 192065 211843 455388 884819 193736 886236 352418 377216 947514 697220 674947 494249 115907 171174 795142 555248 911587 723813 560847 789569 913525 77958 468591 0
17
0 184863 985463 693600 173429 278059 312921 94316 124611 524027 637465 562478 235913 422022 900856 294237 0
3
0 167470 0
22
0 14849 496639 846088 332280 877369 375238 307228 931607 623532 234797 268844 563037 552990 330817 520714 617463 359223 930271 873746 130951 0
28
0 888179 69851 904525 804806 178021 81021 866912 506181 238296 250122 419287 656623 617048 863721 487395 25534 734457 622559 946485 44841 133788 724282 432489 931707 559046 116847 0
14
0 509663 825097 417984 519534 344882 918124 253997 346399 834595 577957 329520 138114 0
19
0 747559 650394 502166 822526 285302 924467 817219 532792 755476 118044 542618 975429 465956 996946 539815 774344 591887 0
12
0 975016 573546 204632 60755 823575 418702 891257 997414 879208 641644 0
17
0 873591 30512 821760 298105 972981 708867 478818 396951 459445 857813 513067 415640 139872 157624 620262 0
9
0 512209 493712 885326 694416 307723 518120 868619 0
21
0 10146 981607 816516 535103 143894 184034 859485 9938 747086 274932 267122 339767 185722 138038 861645 969669 975666 147013 710835 0
18
0 325388 737693 364384 36420 575930 132285 406362 214318 356012 24653 930394 688290 650272 334138 321816 170529 0
4
0 461632 711108 0
13
0 540533 14918 76737 399743 954133 104947 773869 111922 656531 137486 950906 0
17
0 162837 433967 241286 295029 486545 758814 548797 636584 999385 323194 9876 102238 845869 95601 628738 0
17
0 157220 645037 743742 261946 403951 650873 986110 82431 496050 633569 276144 837594 249255 144002 116230 0
16
0 7299 275246 80295 470014 26549 872431 712149 636348 682017 769589 754636 974103 198016 999647 0
4
0 227654 48734 0
29
0 56398 438029 86303 256095 754015 134412 430695 786739 344684 749814 630417 707612 234442 805641 793244 624608 362037 497442 305290 988876 44161 946329 479056 606589 558154 301480 634923 0
4
0 968253 214886 0
7
0 95716 672763 891363 687763 316655 0
21
0 35613 510322 988837 554197 854602 570576 405767 163606 192652 751639 766773 826683 705884 790780 603738 607034 64179 87804 630616 0
10
0 595692 734984 630409 859902 970803 337130 599035 715127 0
26
0 551486 705592 460481 372980 701797 725070 975050 938685 584809 359430 887012 186055 97991 437886 740453 645730 955181 769490 346756 525261 661737 664895 879041 763432 0
19
0 624941 35849 24797 709310 261370 214740 125501 342649 553822 871866 265034 34505 671322 399171 596284 175057 77542 0
19
0 344486 349202 33149 344457 585464 257115 846666 950112 840904 312808 860151 756799 571541 8465 810298 925797 506844 0
22
0 228626 606037 645469 511854 647792 546453 913641 243165 209120 847935 910273 192782 8741 104113 656919 805940 526474 939986 99526 915752 0
18
0 583980 683654 479847 389426 26209 528003 416049 640311 302339 732774 699284 801465 693755 198331 29559 353532 0
7
0 996641 523319 185688 486539 313559 0
6
0 224532 528109 548703 984075 0
5
0 435630 450520 864246 0
10
0 113134 530930 563998 408780 863438 684275 118091 372856 0
24
0 414491 313912 973924 951077 736056 710309 358860 890373 62369 41940 225825 211033 753778 998094 515050 227756 689724 593237 725342 104865 530676 492191 0
30
0 897990 940262 705396 698381 409389 730511 543564 875141 659271 709829 847760 175891 541916 344351 161464 355102 502776 453537 267797 234173 348470 762752 555980 526965 937196 678271 114850 965154 0
20
0 345367 801791 868141 424983 979171 836503 998895 138371 523891 851975 884856 413087 759441 752780 588962 636731 847940 503565 0
3
0 164496 0
18
0 578303 531858 160439 906242 120076 498409 798761 866073 229614 924995 439456 883159 498000 690568 669310 34304 0
17
0 453397 762448 61477 580271 620032 760088 748702 185663 359170 297593 35972 304210 488173 803606 517440 0
6
0 262504 139853 12605 877879 0
17
0 976818 200198 433190 438882 85989 443706 744482 670122 254446 105847 949471 657684 587179 471589 813645 0
14
0 487622 68867 876567 33765 567350 924649 961627 774191 887828 441122 786321 299228 0
14
0 986976 220979 925167 712981 861048 468221 521548 504844 357743 93405 387541 183576 0
28
0 829591 303222 207305 981893 287998 162847 802495 31012 462766 510163 764195 730568 660641 268436 539905 880518 219403 602286 237606 917679 811598 949109 589249 934285 789716 674758 0
13
0 683937 512257 968002 92455 849024 993731 687872 29165 916919 262796 35564 0
31
0 892787 889665 714090 193003 82614 764082 24002 750764 428369 816408 277877 317838 279470 474792 986683 829864 939208 630741 110768 799470 843072 445941 208646 182645 240752 319893 864012 572618 585556 0
12
0 896836 940489 607215 54757 376512 545017 156140 789156 837187 147632 0
24
0 44927 225920 192530 563684 445285 499593 191069 451008 498441 897251 383156 468894 86422 596946 127718 661887 120278 753592 540649 50800 78923 186150 0
30
0 357271 916108 495774 889651 321730 411579 933233 550529 900295 712519 619931 207381 251238 285753 265994 607094 802462 773684 583448 308278 53560 926375 372780 456293 521108 894169 667906 355017 0
5
0 23017 68674 578809 0
16
0 962337 64597 827047 662116 286534 514925 436406 83957 147564 127531 665249 231683 163585 992869 0
25
0 485120 199383 622850 505372 869091 37 431931 829696 576928 940699 882083 764264 315895 851894 379090 591179 189167 151583 822069 828808 61441 935221 56376 0
7
0 647951 735646 740219 97472 841681 0
3
0 608809 0
17
0 546368 403839 671903 862259 649599 430502 467702 446793 32377 703398 531107 139132 562805 558450 314535 0
19
0 379594 870105 749018 222909 128831 72444 610225 841105 336052 719617 42774 122390 425344 202898 704212 34455 379303 0
19
0 58393 902152 54858 727960 399110 187654 695258 714687 904847 61251 680075 223962 645818 845496 75387 949851 997934 0
28
0 345764 985595 77141 304522 774378 215344 846618 298513 976615 804490 387569 44240 228543 327770 181977 713156 980901 472755 714075 652716 980139 738034 978301 101491 295187 373031 0
19
0 970585 76783 589574 100721 691788 440701 584646 342501 979215 29539 797314 915889 354484 555263 80111 298103 859167 0
11
0 436558 747743 181302 930429 178875 516953 587030 628791 673000 0
27
0 54440 27704 184882 415612 579302 877175 929999 257160 366446 487178 976874 91777 615858 310134 426765 537350 696030 411741 784240 846377 953244 613635 870137 125075 444521 0
28
0 754129 816490 61470 29197 758637 103406 399439 569971 81034 282655 730480 922230 872127 634227 911882 835126 518550 828932 440302 721130 540615 308090 917341 555173 928476 715351 0
12
0 548933 181201 17579 779134 746417 531201 263393 35345 79262 811160 0
3
0 633906 0
22
0 847374 291562 926173 957681 924392 666589 375686 80437 467792 862010 543006 223193 427578 672575 819640 397436 136917 992677 525088 392510 0
8
0 499687 626492 252869 602632 374891 681326 0
28
0 908893 506930 669573 294882 160934 44409 261835 471168 244069 242024 876135 22665 904457 929547 383559 486539 687428 899207 174065 410717 837743 18681 168715 881937 547396 360004 0
20
0 995227 132012 967564 992444 833247 710293 746947 324294 598840 165906 190870 826688 827589 120649 89936 922294 874375 904252 0
27
0 953308 53175 776856 152834 957406 358608 35069 600969 935764 537849 41366 734166 997063 987324 524246 157484 162666 473753 284000 317870 805063 683076 106407 249826 11603 0
5
0 951665 440588 602269 0
17
0 201506 588201 867273 853896 154041 913530 29698 122299 354649 83332 547612 184475 166781 924473 29152 0
29
0 40203 526692 526305 426699 110004 18257 730176 311350 764766 58975 377505 451303 346189 872554 893485 824142 70199 648412 405154 507337 970612 702420 729957 22337 819246 309572 607235 0
23
0 776541 247848 211234 804863 677208 669603 161363 411558 928820 136154 406493 849533 881660 312757 965131 627674 486494 146677 478349 703666 814495 0
26
0 362202 28846 530296 413988 647921 718668 433021 886629 768976 522032 967316 272083 104970 658292 950199 788499 39967 860081 557549 906569 766154 646194 702021 579159 0
32
0 450565 81746 139023 126980 340044 957317 332947 386403 153448 195544 762396 532500 591208 661722 538642 177163 227626 155174 147442 608671 516837 616029 75576 406573 407743 248625 961481 811731 401699 440732 0
9
0 747972 173097 575940 627857 819560 916127 138748 0
10
0 649152 422660 845670 728125 594716 329491 555582 76631 0
7
0 195543 406599 594080 393086 135871 0
26
0 690583 195160 764452 817941 774319 35651 847709 892525 344055 851220 776152 940017 831673 661328 186099 835814 799374 156099 78500 298731 745013 92353 92823 229906 0
29
0 621712 95560 509363 40227 664401 178503 958767 168381 561511 130038 83764 986261 351655 739351 864828 455508 740763 547866 502721 246751 774485 998319 28924 181436 576207 176107 70055 0
17
0 754945 30369 154933 674043 135897 916077 202442 522946 792745 961936 366768 96174 186590 801569 651864 0
27
0 610695 545265 140012 641379 507441 153777 358280 459456 913305 257224 85500 717047 996387 575934 802461 588577 81970 665262 133914 398824 747445 99406 712654 970679 13698 0
21
0 697542 957178 147500 579971 858665 816212 748745 620198 532063 90439 884340 4265 198668 995877 44390 323527 802200 360930 530332 0
19
0 816035 414537 733682 630418 136030 605908 958202 419028 707422 467609 391215 92741 204743 738153 666759 22777 906713 0
18
0 74729 363530 632266 608691 422737 331327 334920 645997 728183 19860 852836 622239 489544 717329 437164 546520 0
21
0 625213 848857 650999 884663 632473 908314 717926 530836 324382 265865 666672 236911 384724 548131 830197 645076 754632 356289 514123 0
8
0 44747 246557 576527 72561 338408 509597 0
16
0 598174 138595 205108 447166 391153 208670 349234 548935 971433 374796 64140 785490 694429 249859 0
13
0 850778 540250 677390 791269 264446 162008 229443 670013 726121 49092 860584 0
25
0 738330 896321 254717 375770 352083 12014 362933 423702 300968 643055 681006 951630 796396 488962 76113 659650 340249 284870 456335 317556 363872 880171 25425 0
26
0 946166 748015 115351 728897 992672 63830 363222 151597 60833 482271 889363 3641 400538 246163 17304 623486 472600 420876 15497 55899 640866 294048 747279 906291 0
18
0 989929 371805 242661 143716 568876 658855 96722 986635 427851 924135 323871 980579 676035 537163 577540 896949 0
21
0 281818 699987 796197 164037 392635 958800 531538 669588 472540 578939 867009 681172 475272 823145 853509 940800 949036 595545 495462 0
26
0 752263 553889 686570 812781 867018 816860 220206 964424 595516 963160 226227 519925 775817 941471 951325 857711 227374 10575 534862 955138 758775 178921 507030 313017 0
29
0 123358 615048 38896 543020 25548 251329 580735 813668 692545 147197 268919 55206 249610 694100 240286 135303 222323 903145 595867 125381 225039 289555 294422 995957 290589 747425 284940 0
6
0 429581 406587 90666 704698 0
7
0 355119 947823 27598 578745 492753 0
9
0 93991 595520 677141 575948 968225 661099 34696 0
24
0 224069 584857 824116 537970 257102 492978 13759 525246 338732 386896 809258 4681 926503 134396 372996 795988 955896 997458 846976 657059 156899 815471 0
30
0 558303 147684 981068 15680 191812 28720 773705 217033 491981 882393 608241 644861 256114 180208 596593 392357 781555 306382 408305 74133 957048 853674 971168 166731 386879 965075 698569 624197 0
6
0 703174 680415 144185 127163 0
24
0 877851 12029 420986 191678 837165 758740 577363 480418 722319 463028 448414 818993 694818 418525 558581 189198 547738 842205 736280 608411 493980 282907 0
9
0 497366 649928 664121 397805 854878 588662 448742 0
9
0 164301 669156 174814 817424 617437 429376 447049 0
32
0 821979 895515 759883 280276 658366 520470 284168 840650 438277 196772 681986 235886 482639 200037 993675 941226 556030 940667 196471 426820 137715 750354 68587 657135 448325 210496 368868 158884 683145 114768 0
32
0 648937 47285 617736 126417 243576 129353 771079 414240 845743 969549 95050 181174 632492 536574 464986 945015 644341 322165 145962 608162 95643 496295 812184 274263 505371 764861 62503 610796 450424 228727 0
32
0 450200 887677 917745 159235 55868 420635 546581 658488 886987 841944 260588 575134 943112 766045 492745 620644 541740 976610 716344 297534 193161 620423 764432 986968 846286 289206 592583 335714 459067 726302 0
19
0 478119 238058 307391 977745 947762 776766 744841 267872 917818 143892 140773 574183 561282 272619 981909 595998 871278 0
4
0 94948 51978 0
20
0 149930 224472 928073 800542 247163 837721 373560 434622 56103 731679 175259 806853 390777 27431 211342 828493 969738 905540 0
18
0 342996 633961 746769 257394 821691 72149 79981 158739 974275 457525 949355 698359 777437 362373 401482 165599 0
19
0 418859 673927 963017 447650 685773 919838 899247 592504 398037 417379 68472 579044 938733 115749 248859 409359 252674 0
14
0 620443 738662 42909 673884 747304 828937 588717 148237 715100 694731 703650 605945 0
11
0 191643 837582 167739 165584 237642 331481 417120 514897 383785 0
24
0 25781 615965 88918 435477 96102 756994 802148 884282 459165 748566 639202 85789 787559 465502 285268 690832 81415 107501 116927 972114 507604 62284 0
3
0 28168 0
12
0 127565 669616 994291 308514 142474 328092 75734 678931 287753 300661 0
15
0 826301 111138 263088 390660 593691 94673 606965 540091 307650 455464 281605 737145 35937 0
17
0 231906 360730 670180 365087 534407 122762 664334 840742 959043 876142 289579 45723 655874 954159 542431 0
9
0 223860 313387 540726 675919 904968 46929 1084 0
20
0 316913 377634 348560 5800 510580 428689 88121 721358 25960 116382 150592 269803 66204 917761 328547 905464 470949 751154 0
23
0 560837 763440 741877 301777 839126 798631 601011 568926 161650 13682 300046 481578 459903 956020 658011 761204 150827 557079 965623 791905 369067 0
15
0 257223 118916 780771 254319 22733 195635 721370 490313 653574 917530 20124 403663 190272 0
13
0 270725 325243 549716 580700 205734 790884 565579 884107 28505 830116 293923 0
7
0 804949 539185 815716 901036 14624 0
22
0 73344 520117 129736 707288 25765 149682 899595 21406 130210 434874 456601 207782 28276 831410 526752 352837 419801 850757 344803 469491 0
27
0 453019 191447 477084 542471 607302 670325 404970 135779 286941 558935 631066 459048 156764 804062 425533 886472 393816 769465 797592 84853 149985 878199 760776 50021 489641 0
26
0 593898 470568 185396 577717 963098 443817 371544 241630 742924 479824 868749 811519 951174 916806 947740 770447 343937 943448 762086 948640 91625 551517 966682 774839 0
21
0 994341 168573 450657 413600 556146 169885 59954 534066 663746 694166 136082 850008 857628 334762 229621 279853 95729 564083 214686 0
4
0 598662 150000 0
7
0 108904 362850 766230 369027 672231 0
16
0 925173 512387 735209 272885 83083 503842 418549 825697 15049 991764 155936 914592 404699 435836 0
7
0 478751 331814 6974 837461 630632 0
21
0 694734 186063 620665 221891 243213 478995 63444 942823 237137 467810 964828 675174 300080 366705 841226 283642 453677 500726 833677 0
